id,status,response_code
494651
206471
80596
942183
662002
716175
75065
565070
39369
130645
402110
688697
570169
664491
339973
787385
15355
927847
349201
747562
270135
366532
740135
867843
834312
279739
176153
342925
696744
650908
475433
1963
75691
286458
935728
97218
105449
385218
188379
658769
701646
834820
862218
443523
643786
885330
80399
93367
685348
480469
783684
73742
562418
778285
282739
81006
588822
35556
846431
891801
262704
224167
881541
290649
415667
587193
783373
804377
923892
369730
421020
790509
949267
647786
779497
569196
847152
374686
405484
482961
410612
28152
50504
546982
256238
67056
214424
192245
751547
264678
861009
78664
692413
545158
884477
960428
358069
877327
994973
838466
487802
365217
829828
180343
932755
901032
239445
901846
557888
924724
296786
950077
844107
371944
651700
171675
795475
589664
976391
665510
552503
35919
348189
612605
289147
387486
998572
365094
881964
123605
510940
403296
923465
928940
700847
158826
219068
401304
219515
690081
227652
856441
549139
627724
671129
368890
763260
963008
337084
273999
364138
346399
63459
255691
562831
276746
967749
692211
245879
677825
909374
312157
624891
250538
160346
507366
525044
412042
558195
294048
914327
316080
165251
542057
843319
154178
163727
847025
610634
199557
794586
541886
145008
826027
923690
408964
394568
424467
636351
92640
614237
659908
817128
692681
743162
258542
713770
589894
949494
956283
305219
334257
757594
947400
842422
321612
955026
560098
566007
674587
974141
477418
452856
528938
2098
268249
995368
827037
752929
29988
59229
694249
951738
603859
674820
675716
661380
132988
917768
32800
521830
29739
870347
357088
441159
491835
110016
457874
857882
547658
623210
238698
196288
720102
792690
563950
60668
239897
974988
841826
146422
390298
89718
257766
82408
726421
920748
515316
112585
327794
643913
919354
509581
602751
616725
721543
740769
240430
924295
57553
110528
74656
129919
29646
608629
496674
377658
734303
823710
387543
692204
605901
942987
546336
66368
706727
662504
648702
762242
871633
887574
798277
807855
910170
328448
786984
775173
550832
530063
197534
256965
683865
676169
964237
46199
889715
122517
209462
265409
955600
495158
587026
843482
220678
912345
569985
346469
405910
720169
844145
650924
76882
313083
47820
640006
840747
507080
313765
308227
972507
825021
232418
291429
829569
979500
361341
226257
997680
457095
823184
31945
516736
413643
572943
534420
377809
492031
960922
316645
77796
501776
877280
913864
738452
472523
99828
534720
932992
566353
487921
887385
122841
745863
626477
547134
709121
597089
531807
582651
60935
12256
772132
416610
156316
453917
406478
114083
34962
354122
525162
936977
262580
409305
647812
929808
237238
994052
947713
809410
547378
53268
5249
367102
341601
302378
934527
915261
361379
131960
771447
337
85180
928368
755009
671774
802686
975843
425180
95464
963281
33669
263150
222608
812505
711383
151330
517991
150969
723728
177482
928812
296751
426727
922434
878984
399773
179525
522502
902321
651290
140909
816126
807278
289208
541579
753040
379634
667568
204943
361010
20634
328720
898508
427449
632219
247951
57381
778090
911044
763238
683181
197303
845415
651864
292828
948239
922553
364347
389214
428045
606928
400419
614736
106706
337463
616397
190632
69897
239648
507356
885507
607318
18154
380994
631898
127683
983133
334869
245093
375919
33454
151546
169278
992095
891306
654089
429256
556607
93047
383714
312279
169120
145934
7580
532357
229101
701526
658422
558857
483309
241806
496095
893531
562513
832612
489358
934882
275279
784196
67408
405683
91423
810420
213738
927536
90379
705916
783247
207692
852991
233133
818355
441304
22287
272570
637306
725186
607759
336242
231580
706774
586543
907633
444045
315319
307616
437281
326579
237041
922690
533789
720043
349814
626577
93268
719409
339681
98397
808932
534321
780650
671810
480591
197479
515264
452296
730744
713390
122628
33125
457011
122126
958301
377968
154103
848256
187004
361715
757570
202452
463799
642334
965257
943497
143735
681417
887171
840650
478940
926234
477233
283013
951909
598055
149965
9302
756466
206101
499168
28320
450316
418814
195639
77582
142387
370470
653077
367962
402952
525538
236249
16654
67150
996122
65935
644757
672826
977931
864194
153536
316761
238881
798671
304426
42547
379746
86874
411208
474772
703691
274966
602097
317773
492462
757862
538870
210672
555085
504222
121646
979281
115620
615237
397752
373289
71036
298321
437455
614273
389783
615422
24839
65962
656134
708656
549782
872229
326523
408118
395962
864269
305875
756922
704000
17735
600124
804863
240539
617529
526612
432391
329734
299833
982068
329994
204993
301228
352782
971779
236146
149240
334108
405125
737288
671577
88524
229851
635190
239201
206044
666330
609758
730740
774744
18611
320122
783503
964709
649566
959565
109332
621824
51369
236860
866020
981975
835359
372616
763322
334607
92954
722706
902626
432389
467714
374955
557238
505519
581161
454470
257201
399521
950939
626867
53477
876612
656401
365391
278070
76946
182549
231246
339336
937536
604052
754541
952883
478403
613130
799717
86303
450688
203270
712052
441418
865930
972080
679028
491719
668358
716247
825044
949065
260539
375765
454635
517590
400791
588085
266279
675032
978713
113239
311101
856672
729451
79181
432217
948229
248137
468951
51651
80390
840681
299977
206856
247220
754895
867571
656093
122755
379550
748258
196775
734692
211115
439738
81909
408637
128539
241220
331872
734009
763562
535496
810243
345147
228442
802352
380769
611839
360905
234106
132201
235339
653495
157831
346846
322073
48250
560923
410558
390510
569159
883741
258191
89029
246504
59787
30506
428296
3738
448743
56542
74550
722742
591407
998097
451862
828144
91075
568573
780241
74132
693865
398097
797891
996877
931097
232858
378872
459979
619772
875922
573638
884207
485795
112911
543497
531075
556792
78887
967656
180874
258823
4417
904340
15008
417946
900131
740819
753862
381425
693376
458040
765937
90763
151234
726273
933704
591460
883065
967847
167452
185548
909581
672990
392473
418545
908967
733322
84460
435013
851042
68403
311029
881244
545576
748910
2775
425883
35636
528243
984291
506264
592327
15607
272027
711904
936474
950877
576256
869784
383047
513452
979385
130379
181387
101633
382951
387587
671441
265391
851783
758256
878316
932779
978391
406440
492206
635416
690480
686146
522876
694323
733675
847393
481255
467595
400370
141413
514652
302105
109378
618965
430755
744248
93346
261273
435728
739874
511549
660388
104800
492032
486661
378484
981226
923333
486966
640644
296583
266145
193374
730069
410013
713343
345218
48324
11987
282144
88195
447051
520374
34312
58013
986272
664506
358234
655555
139595
317311
567762
678103
588408
240685
829796
48060
343403
271223
582267
104519
319416
913879
78647
757146
637183
434540
416685
448384
385333
102654
650167
854213
908441
236586
549668
551332
281190
703452
774176
483997
635188
603608
69476
707923
770083
963087
528805
